$ANSIBLE_VAULT;1.1;AES256
64643262646165373137333261346464343763666334326464313237393232616364383066336133
3236663138653234386361396261366231633933393962370a376438643136346330303461393664
61306539326462656438333963323736363265613961636338616233353231633931376435323561
6231386335653236380a313831623436636462373062303333613333663034663934303636343933
66643862663364353561326165366464616365666462623932323231353236356435313737393162
37633631363336346136316336623438376634316436393536333634666262626363356434393232
62353234386439623038383333636130653562643235383962653262373436653031363863323732
33336230353265333739653337373531333936616633613237306463366634313734336139633863
36656636336562343435646638666630306139343962323332353164363665373464643535366433
33303932393661353638306339643161613634653261323437353637313834636134636464643965
34663936313362326664336336633362376261646539393062383036393030666432393330373933
34303031306665303463366261623361343731636339366639376430343039393338383438346265
62646137346531393666666436663330653538313137666235633535363131396135626432623864
61633535303635323764643263396439626538353463666265643637356261393435366638393062
36303435303035623230663535633838666666353836366662336236616331353735346434306639
36393931373931303765353437613939613732363061366135386137663330383637303232653433
36376366666362613835663139643336366232333463613230383362386366373631366138656465
33393537323761623766613539303531396461653030373232653739663830343062306561353463
62323134326563653933356261626635653930633366386632306237663962326536643332346132
61633736386133353961663265353030383761663162353664323063633537633865356566383337
32373430333365656231343434393037313233656434356261376336666232323234356462356165
64396638313566653464353931636530626337613563306239326463323535653063386662313735
38663039323438646663656638666337393731643264373663663130373633383732393564383666
38306538656431643230333766346636383037313233383664626436336631636663363635616335
36346261316465316464643837383332353466376162343336323234623434336361616435356630
32326137373564396234626165326532383137393231623564373536646234643834373833313330
34353033633832303263613566326536646266653033363264343233343532313132663365613335
34646333313731646436333032656634643339393532366536303035313164643238643435663065
37613338393631313265306339393466373163633764343761323261316132303938323935303238
34626462646464333731366665376464306663626364303136373734396432376339373065346332
66363566306162376634393133653363653361653532303063613139633863623736363536323066
65653437363462323930326464393138613564333365393965613838383563353538616431353436
32326132633838343232646634653131383336373332383037313861363936633765336266396630
61353461366431613733643536656565326531356237343332353831633763613665346536616432
61613035323462366439623962376563613964653330663737356635373962353437343961656563
61353630633637623664643230373863386339326162386464616633353735363934323263326365
32613466333565396661653362333834343832356334383330373339393138363964643936393066
34313765343062653739643338326462333263303666303462323935333133623337383162306130
30616362333462356635313638626633356264626166393232343833623332623231326663653831
61363364326262336666396262663762613463633730393739366161336534386165303934613233
63396631336261393361343862333438363436366338663732343932336132363737326638633534
33656533373932353433663862323937633439326434363336323135343930393862663165306535
31383763653533333534383965666135663562336531636132363531346261383930303932333865
64323139396261333630643064653661386334353561356562366661313632373261376139333764
31386232373631663939663137646231656163313564616262666635323831653565626632336338
32373864656536633533393166656165373534313732656461353063346266373135336334386435
34313965653461663965313230383836343338656432376439653439616630366161643739363535
39316131393363663333343635346234313432396338373265393032616263376238396261396331
34343964626432663965316437613933633837343537616135663235663764663662313430663435
31643162383032356632366337663138336361306430346263356661623363373034616363656531
63653632633336333366616238383531613434666561393962333065653738653138366439626533
36633831316638636162313737393039303738306135323061303933316132326332343964653562
63613239376132353166346330373264323833613032336233613266633330316237666633336230
32616636373365383039343061343432316633653638363963623037626537313230616465393431
64623034613461373963616166313162653739616636333264623465303664373662366338363861
35303161306431656335643339363839356466666131376366363537343266666239666431366665
33613530333864353839613966653439613437346366316562396530343237346664616561383836
33363961306436646164646435623764333638303434323032393832316439626561666334333561
66363034386363353133326531366163323063656665343933306565393839353537643234623131
33363534333134613563393534343265633161363261323538313565366565356236653936653366
30383738653831666130393461633338346563613932633165376134663137646366633663656161
65306239633566616465363134666230323237646330623530316637613365343139656633326433
65346664363936313231363135316363626561663238303037373766656665343161313165356537
63623435373565373032653430356532363732653034653036313865333362393439633835646263
63663039386662643739366132363530303865356435373865366636646530316231383062376530
61373363383965656431353036663235393431636162623165363137323136343331653038373861
39656164303930363265653739303263386137346161386537356562323739623465316136346238
63666435633033316536363564336130366530343230623536373534353639336631623566303536
33643333303331323232643834393431353532356666666261333038323439613739316561626364
31656437613064383961373431306431633534306337363034656630313632633035363435323661
31376336326531646561363363333964313966313030376365346337376664353530306662373163
30373834663932316636393961333135383264613066306137633263653431386262393239663235
61666130313637613032643834326462633362343633323562363734643365393362333138623065
38336336303165363734646339633434646337333637613736303831383034623531336439386233
32653131383235353538383834623434316332373138343033623238616262363935323064303535
32396363313162323733643431373263393263613964613632333137313263333837616465343762
33363664623436633038336639353631383765666434316630343535623738656561326166363661
65303862653138363165373265326462323034643865663835306130653832616365323166616336
31646633663564353530313638666535356239356231323337336461356564326437376631396339
63386533353031363730383238653863356137326361353163383132383031633134356436326563
33326161666462663039613130343564656530333562373439383138333239313237646232383630
30663462326639383662353330373261333731666239663635613830613663326265316335653039
32346535303663326164396164376137353037343361353433366166623332323036343737663163
63336337336261623932643533373031306332623963666562343834393835333235636434363066
35353132313862633633633035656661383465663064353165653564346561366564633931393564
35613263346137313162663738333366303736643166663639336263323232616238663764333034
37396362663336333563633831366261656237663338343761363433623562363462626362363863
30336261646635316532336261663535303130616139633631303562396565313135643839653131
65323234363765326131353731636230306632383838316632343238313762346263373463353762
38303430343465386537326164386466333832643337353832306561363732663731363363636330
34363235396439396539653734353836363031623635303137626232383032393063346234326336
31333566663135353238393566383531323237363436643437626165666230353833623432633936
3236
